255 255 255 255 255 255 255 255 255 255 255 255 255 255 255 255
255 255 255 255 255 255 255 255 255 255 255 255 255 255 255 255
255 255   0   0   0   0   0   0   0   0   0   0   0   0 255 255
255 255   0   0   0   0   0   0   0   0   0   0   0   0 255 255
255 255   0   0   0   0   0   0   0   0   0   0   0   0 255 255
255 255   0   0   0 255 255 255 255 255 255   0   0   0 255 255
255 255   0   0   0 255 255 255 255 255 255   0   0   0 255 255
255 255   0   0   0 255 255 199 255 255 255   0   0   0 255 255
255 255   0   0   0   1 255 255 255 255   1   0   0   0 255 255
255 255   0   0   0 255 255 255 255 255 255   0   0   0 255 255
255 255   0   0   0 255 255 255 255 255 255   0   0   0 255 255
255 255   0   0   0   0   0   0   0   0   0   0   0   0 255 255
255 255   0   0   0   0   0   0   0   0   0   0   0   0 255 255
255 255   0   0   0   0   0   0   0   0   0   0   0   0 255 255
255 255 255 255 255 255 255 255 255 255 255 255 255 255 255 255
255 255 255 255 255 255 255 255 255 255 255 255 255 255 255 255
255 255 255 255 255 255 255 255 255 255 255 255 255 255 255 255
255 255 255 255 255 255 255 255 255 255 255 255 255 255 255 255
255 255   0   0   0   0   0   0   0   0   0   0   0   0 255 255
255 255   0   0   0   0   0   0   0   0   0   0   0   0 255 255
255 255   0   0   0   0   0   0   0   0   0   0   0   0 255 255
255 255   0   0   0 255 255 255 255 255 255   0   0   0 255 255
255 255   0   0   0 255 255 255 255 255 255   0   0   0 255 255
255 255   0   0   0 255 255 199 255 255 255   0   0   0 255 255
255 255   0   0   0   1 255 255 255 255   1   0   0   0 255 255
255 255   0   0   0 255 255 255 255 255 255   0   0   0 255 255
255 255   0   0   0 255 255 255 255 255 255   0   0   0 255 255
255 255   0   0   0   0   0   0   0   0   0   0   0   0 255 255
255 255   0   0   0   0   0   0   0   0   0   0   0   0 255 255
255 255   0   0   0   0   0   0   0   0   0   0   0   0 255 255
255 255 255 255 255 255 255 255 255 255 255 255 255 255 255 255
255 255 255 255 255 255 255 255 255 255 255 255 255 255 255 255
255 255 255 255 255 255 255 255 255 255 255 255 255 255 255 255
255 255 255 255 255 255 255 255 255 255 255 255 255 255 255 255
255 255   0   0   0   0   0   0   0   0   0   0   0   0 255 255
255 255   0   0   0   0   0   0   0   0   0   0   0   0 255 255
255 255   0   0   0   0   0   0   0   0   0   0   0   0 255 255
255 255   0   0   0 255 255 255 255 255 255   0   0   0 255 255
255 255   0   0   0 255 255 255 255 255 255   0   0   0 255 255
255 255   0   0   0 255 255 199 255 255 255   0   0   0 255 255
255 255   0   0   0   1 255 255 255 255   1   0   0   0 255 255
255 255   0   0   0 255 255 255 255 255 255   0   0   0 255 255
255 255   0   0   0 255 255 255 255 255 255   0   0   0 255 255
255 255   0   0   0   0   0   0   0   0   0   0   0   0 255 255
255 255   0   0   0   0   0   0   0   0   0   0   0   0 255 255
255 255   0   0   0   0   0   0   0   0   0   0   0   0 255 255
255 255 255 255 255 255 255 255 255 255 255 255 255 255 255 255
255 255 255 255 255 255 255 255 255 255 255 255 255 255 255 255

255 255 255 255 255 255 255 255 255 255 255 255 255 255 255 255
255 214 152 152 152 152 152 152 152 152 152 152 152 152 214 255
255 152   0   0   0   0   0   0   0   0   0   0   0   0 152 255
255 152   0   0   0   0   0   0   0   0   0   0   0   0 152 255
255 152   0   0  10  52  52  52  52  52  52  10   0   0 152 255
255 152   0   0  52 255 255 204 158 247 255  52   0   0 152 255
255 152   0   0  52 255 255 156 104 248 255  52   0   0 152 255
255 152   0   0  52 255 255 225 160 248 255  52   0   0 152 255
255 152   0   0  52 255 255 133 141 250 255  52   0   0 152 255
255 152   0   0  52 255 255 136  76 246 255  52   0   0 152 255
255 152   0   0  52 255 255 165 141 250 255  52   0   0 152 255
255 152   0   0  10  52  52  52  52  52  52  10   0   0 152 255
255 152   0   0   0   0   0   0   0   0   0   0   0   0 152 255
255 152   0   0   0   0   0   0   0   0   0   0   0   0 152 255
255 214 152 152 152 152 152 152 152 152 152 152 152 152 214 255
255 255 255 255 255 255 255 255 255 255 255 255 255 255 255 255
255 255 255 255 255 255 255 255 255 255 255 255 255 255 255 255
255 214 152 152 152 152 152 152 152 152 152 152 152 152 214 255
255 152   0   0   0   0   0   0   0   0   0   0   0   0 152 255
255 152   0   0   0   0   0   0   0   0   0   0   0   0 152 255
255 152   0   0  10  52  52  52  52  52  52  10   0   0 152 255
255 152   0   0  52 255 255 204 158 247 255  52   0   0 152 255
255 152   0   0  52 255 255 156 104 248 255  52   0   0 152 255
255 152   0   0  52 255 255 225 160 248 255  52   0   0 152 255
255 152   0   0  52 255 255 133 141 250 255  52   0   0 152 255
255 152   0   0  52 255 255 136  76 246 255  52   0   0 152 255
255 152   0   0  52 255 255 165 141 250 255  52   0   0 152 255
255 152   0   0  10  52  52  52  52  52  52  10   0   0 152 255
255 152   0   0   0   0   0   0   0   0   0   0   0   0 152 255
255 152   0   0   0   0   0   0   0   0   0   0   0   0 152 255
255 214 152 152 152 152 152 152 152 152 152 152 152 152 214 255
255 255 255 255 255 255 255 255 255 255 255 255 255 255 255 255
255 255 255 255 255 255 255 255 255 255 255 255 255 255 255 255
255 214 152 152 152 152 152 152 152 152 152 152 152 152 214 255
255 152   0   0   0   0   0   0   0   0   0   0   0   0 152 255
255 152   0   0   0   0   0   0   0   0   0   0   0   0 152 255
255 152   0   0  10  52  52  52  52  52  52  10   0   0 152 255
255 152   0   0  52 255 255 204 158 247 255  52   0   0 152 255
255 152   0   0  52 255 255 156 104 248 255  52   0   0 152 255
255 152   0   0  52 255 255 225 160 248 255  52   0   0 152 255
255 152   0   0  52 255 255 133 141 250 255  52   0   0 152 255
255 152   0   0  52 255 255 136  76 246 255  52   0   0 152 255
255 152   0   0  52 255 255 165 141 250 255  52   0   0 152 255
255 152   0   0  10  52  52  52  52  52  52  10   0   0 152 255
255 152   0   0   0   0   0   0   0   0   0   0   0   0 152 255
255 152   0   0   0   0   0   0   0   0   0   0   0   0 152 255
255 214 152 152 152 152 152 152 152 152 152 152 152 152 214 255
255 255 255 255 255 255 255 255 255 255 255 255 255 255 255 255

255 255 255 255 255 255 255 255 255 255 255 255 255 255 255 255
255 214 152 152 152 152 152 152 152 152 152 152 152 152 214 255
255 152   0   0   0   0   0   0   0   0   0   0   0   0 152 255
255 152   0   0   0   0   0   0   0   0   0   0   0   0 152 255
255 152   0   0  10  52  52  52  52  52  52  10   0   0 152 255
255 152   0   0  52 255 255 255 255 255 255  52   0   0 152 255
255 152   0   0  52 247 248 248 250 246 250  52   0   0 152 255
255 152   0   0  52 158 104 160 141  76 141  52   0   0 152 255
255 152   0   0  52 204 156 225 133 136 165  52   0   0 152 255
255 152   0   0  52 255 255 255 255 255 255  52   0   0 152 255
255 152   0   0  52 255 255 255 255 255 255  52   0   0 152 255
255 152   0   0  10  52  52  52  52  52  52  10   0   0 152 255
255 152   0   0   0   0   0   0   0   0   0   0   0   0 152 255
255 152   0   0   0   0   0   0   0   0   0   0   0   0 152 255
255 214 152 152 152 152 152 152 152 152 152 152 152 152 214 255
255 255 255 255 255 255 255 255 255 255 255 255 255 255 255 255
255 255 255 255 255 255 255 255 255 255 255 255 255 255 255 255
255 214 152 152 152 152 152 152 152 152 152 152 152 152 214 255
255 152   0   0   0   0   0   0   0   0   0   0   0   0 152 255
255 152   0   0   0   0   0   0   0   0   0   0   0   0 152 255
255 152   0   0  10  52  52  52  52  52  52  10   0   0 152 255
255 152   0   0  52 255 255 255 255 255 255  52   0   0 152 255
255 152   0   0  52 247 248 248 250 246 250  52   0   0 152 255
255 152   0   0  52 158 104 160 141  76 141  52   0   0 152 255
255 152   0   0  52 204 156 225 133 136 165  52   0   0 152 255
255 152   0   0  52 255 255 255 255 255 255  52   0   0 152 255
255 152   0   0  52 255 255 255 255 255 255  52   0   0 152 255
255 152   0   0  10  52  52  52  52  52  52  10   0   0 152 255
255 152   0   0   0   0   0   0   0   0   0   0   0   0 152 255
255 152   0   0   0   0   0   0   0   0   0   0   0   0 152 255
255 214 152 152 152 152 152 152 152 152 152 152 152 152 214 255
255 255 255 255 255 255 255 255 255 255 255 255 255 255 255 255
255 255 255 255 255 255 255 255 255 255 255 255 255 255 255 255
255 214 152 152 152 152 152 152 152 152 152 152 152 152 214 255
255 152   0   0   0   0   0   0   0   0   0   0   0   0 152 255
255 152   0   0   0   0   0   0   0   0   0   0   0   0 152 255
255 152   0   0  10  52  52  52  52  52  52  10   0   0 152 255
255 152   0   0  52 255 255 255 255 255 255  52   0   0 152 255
255 152   0   0  52 247 248 248 250 246 250  52   0   0 152 255
255 152   0   0  52 158 104 160 141  76 141  52   0   0 152 255
255 152   0   0  52 204 156 225 133 136 165  52   0   0 152 255
255 152   0   0  52 255 255 255 255 255 255  52   0   0 152 255
255 152   0   0  52 255 255 255 255 255 255  52   0   0 152 255
255 152   0   0  10  52  52  52  52  52  52  10   0   0 152 255
255 152   0   0   0   0   0   0   0   0   0   0   0   0 152 255
255 152   0   0   0   0   0   0   0   0   0   0   0   0 152 255
255 214 152 152 152 152 152 152 152 152 152 152 152 152 214 255
255 255 255 255 255 255 255 255 255 255 255 255 255 255 255 255

255 255 255 255 255 255 255 255 255 255 255 255 255 255 255 255
255 214 152 152 152 152 152 152 152 152 152 152 152 152 214 255
255 152   0   0   0   0   0   0   0   0   0   0   0   0 152 255
255 152   0   0   0   0   0   0   0   0   0   0   0   0 152 255
255 152   0   0  10  52  52  52  52  52  52  10   0   0 152 255
255 152   0   0  52 255 250 141 165 255 255  52   0   0 152 255
255 152   0   0  52 255 246  76 136 255 255  52   0   0 152 255
255 152   0   0  52 255 250 141 133 255 255  52   0   0 152 255
255 152   0   0  52 255 248 160 225 255 255  52   0   0 152 255
255 152   0   0  52 255 248 104 156 255 255  52   0   0 152 255
255 152   0   0  52 255 247 158 204 255 255  52   0   0 152 255
255 152   0   0  10  52  52  52  52  52  52  10   0   0 152 255
255 152   0   0   0   0   0   0   0   0   0   0   0   0 152 255
255 152   0   0   0   0   0   0   0   0   0   0   0   0 152 255
255 214 152 152 152 152 152 152 152 152 152 152 152 152 214 255
255 255 255 255 255 255 255 255 255 255 255 255 255 255 255 255
255 255 255 255 255 255 255 255 255 255 255 255 255 255 255 255
255 214 152 152 152 152 152 152 152 152 152 152 152 152 214 255
255 152   0   0   0   0   0   0   0   0   0   0   0   0 152 255
255 152   0   0   0   0   0   0   0   0   0   0   0   0 152 255
255 152   0   0  10  52  52  52  52  52  52  10   0   0 152 255
255 152   0   0  52 255 250 141 165 255 255  52   0   0 152 255
255 152   0   0  52 255 246  76 136 255 255  52   0   0 152 255
255 152   0   0  52 255 250 141 133 255 255  52   0   0 152 255
255 152   0   0  52 255 248 160 225 255 255  52   0   0 152 255
255 152   0   0  52 255 248 104 156 255 255  52   0   0 152 255
255 152   0   0  52 255 247 158 204 255 255  52   0   0 152 255
255 152   0   0  10  52  52  52  52  52  52  10   0   0 152 255
255 152   0   0   0   0   0   0   0   0   0   0   0   0 152 255
255 152   0   0   0   0   0   0   0   0   0   0   0   0 152 255
255 214 152 152 152 152 152 152 152 152 152 152 152 152 214 255
255 255 255 255 255 255 255 255 255 255 255 255 255 255 255 255
255 255 255 255 255 255 255 255 255 255 255 255 255 255 255 255
255 214 152 152 152 152 152 152 152 152 152 152 152 152 214 255
255 152   0   0   0   0   0   0   0   0   0   0   0   0 152 255
255 152   0   0   0   0   0   0   0   0   0   0   0   0 152 255
255 152   0   0  10  52  52  52  52  52  52  10   0   0 152 255
255 152   0   0  52 255 250 141 165 255 255  52   0   0 152 255
255 152   0   0  52 255 246  76 136 255 255  52   0   0 152 255
255 152   0   0  52 255 250 141 133 255 255  52   0   0 152 255
255 152   0   0  52 255 248 160 225 255 255  52   0   0 152 255
255 152   0   0  52 255 248 104 156 255 255  52   0   0 152 255
255 152   0   0  52 255 247 158 204 255 255  52   0   0 152 255
255 152   0   0  10  52  52  52  52  52  52  10   0   0 152 255
255 152   0   0   0   0   0   0   0   0   0   0   0   0 152 255
255 152   0   0   0   0   0   0   0   0   0   0   0   0 152 255
255 214 152 152 152 152 152 152 152 152 152 152 152 152 214 255
255 255 255 255 255 255 255 255 255 255 255 255 255 255 255 255
